nm=rr3.tif
pr=equirectangular
it=png
sr=254
st=0.000000
sn=0.000000
dm=WGS84
rp1=52.308917,23.088583,0,0
rp2=52.305896,23.174813,1113,0
rp3=52.263299,23.170805,1113,897
rp4=52.266316,23.084656,0,897
