width = 001114
height = 000898
grid = 3
ref1x = 000000
ref1y = 000000
lat1 = 52.308917
lon1 = 23.088583
ref2x = 001113
ref2y = 000897
lat2 = 52.263299
lon2 = 23.170805
